1
6734
794722
branch

 Scheme: [4, 5, 17, 28, 30, 34, 48]
 sDev: 14.8200085378

 greedyLowestCost: 120
 minScoreFreq: 539
 scoreCount: 40
 greedyUsedTrans[[7, 6, 2, 1, 0, 0, 0]]
 greedyFivePlus: 0
 greedyFivePlusNoDuplicate: 0

 branchLowestCost: 120
 branchIterations: 6734
 branchIterations2: 794722
 branchNSolutions: 4
 branchTransUsed: [[7, 6, 2, 1, 0, 0, 0], [7, 6, 2, 1, 0, 0, 0], [7, 6, 2, 1, 0, 0, 0], [7, 6, 2, 1, 0, 0, 0]]
 fivePlus: 0
 fivePlusNoDuplicate: 0



branch

 Scheme: [4, 5, 17, 28, 30, 34, 48]
 sDev: 14.8200085378

 greedyLowestCost: 120
 minScoreFreq: 539
 scoreCount: 40
 greedyUsedTrans[[7, 6, 2, 1, 0, 0, 0]]
 greedyFivePlus: 0
 greedyFivePlusNoDuplicate: 0

 branchLowestCost: 120
 branchIterations: 6734
 branchIterations2: 794722
 branchNSolutions: 4                                                                                                
 branchTransUsed: [[7, 6, 2, 1, 0, 0, 0], [7, 6, 2, 1, 0, 0, 0], [7, 6, 2, 1, 0, 0, 0], [7, 6, 2, 1, 0, 0, 0]]      
 fivePlus: 0                                                                                                        
 fivePlusNoDuplicate: 0                                                                                             
                                                                                                                    
                                                                                                                    
                                                                                                                    
2                                                                                                                   
91947                                                                                                               
5428180                                                                                                             
branch                                                                                                              
                                                                                                                    
 Scheme: [7, 14, 32, 36, 38, 41, 44]                                                                                
 sDev: 13.1226552813                                                                                                
                                                                                                                                                                                                                                             
 greedyLowestCost: 233                                                                                                                                                                                                                       
 minScoreFreq: 551                                                                                                                                                                                                                           
 scoreCount: 46                                                                                                                                                                                                                              
 greedyUsedTrans[[7, 6, 2, 1, 0, 0, 0]]                                                                                                                                                                                                      
 greedyFivePlus: 0                                                                                                                                                                                                                           
 greedyFivePlusNoDuplicate: 0                                                                                                                                                                                                                
                                                                                                                                                                                                                                             
 branchLowestCost: 233
 branchIterations: 91947
 branchIterations2: 5428180
 branchNSolutions: 4
 branchTransUsed: [[7, 6, 2, 1, 0, 0, 0], [7, 6, 2, 1, 0, 0, 0], [7, 6, 2, 1, 0, 0, 0], [7, 6, 2, 1, 0, 0, 0]]
 fivePlus: 0
 fivePlusNoDuplicate: 0



3
126540
5972060
branch

 Scheme: [2, 7, 15, 15, 18, 24, 26]
 sDev: 7.95907901553

 greedyLowestCost: 101
 minScoreFreq: 585
 scoreCount: 21
 greedyUsedTrans[[7, 6, 2, 1, 0, 0, 0]]
 greedyFivePlus: 0
 greedyFivePlusNoDuplicate: 0

 branchLowestCost: 101
 branchIterations: 126540
 branchIterations2: 5972060
 branchNSolutions: 8
 branchTransUsed: [[7, 6, 2, 1, 0, 0, 0], [7, 6, 1, 2, 0, 0, 0], [7, 6, 2, 1, 0, 0, 0], [7, 6, 1, 2, 0, 0, 0], [7, 6, 2, 1, 0, 0, 0], [7, 6, 1, 2, 0, 0, 0], [7, 6, 2, 1, 0, 0, 0], [7, 6, 1, 2, 0, 0, 0]]
 fivePlus: 0
 fivePlusNoDuplicate: 0



4
2896
486151
5
2572
423065
6
4992
568722
7
27399
2883807
8
115941
5535477
9
87474
4143075
10
5555
629180
11
45587
3042378
12
33091
2194419
13
433154
17579465
branch

 Scheme: [6, 18, 19, 21, 27, 28, 46]
 sDev: 11.3497280377

 greedyLowestCost: 198
 minScoreFreq: 257
 scoreCount: 47
 greedyUsedTrans[[8, 4, 3, 1, 0, 0, 0]]
 greedyFivePlus: 0
 greedyFivePlusNoDuplicate: 0

 branchLowestCost: 198
 branchIterations: 433154
 branchIterations2: 17579465
 branchNSolutions: 2
 branchTransUsed: [[8, 4, 3, 1, 0, 0, 0], [8, 4, 3, 1, 0, 0, 0]]
 fivePlus: 0
 fivePlusNoDuplicate: 0



14
834950
32766292
branch

 Scheme: [2, 16, 16, 17, 22, 27, 34]
 sDev: 9.32628499654

 greedyLowestCost: 145
 minScoreFreq: 493
 scoreCount: 19
 greedyUsedTrans[[8, 4, 3, 1, 0, 0, 0]]
 greedyFivePlus: 0
 greedyFivePlusNoDuplicate: 0

 branchLowestCost: 145
 branchIterations: 834950
 branchIterations2: 32766292
 branchNSolutions: 4
 branchTransUsed: [[8, 3, 4, 1, 0, 0, 0], [8, 3, 4, 1, 0, 0, 0], [8, 4, 3, 1, 0, 0, 0], [8, 4, 3, 1, 0, 0, 0]]
 fivePlus: 0
 fivePlusNoDuplicate: 0



15
98254
4785768
16
497679
18346219
17
6334
704102
18
7704
1141020
19
2445
528200
20
20475
1418410
21
59158
3599550
22
4302
1105481
23
2678
429939
24
196693
8986991
25
54379
3043748
26
92950
4344828
27
144593
8360709
28
383051
15374828
29
16295
1530428
30
100000000
Now at: {'BE': [['BB'], 4], 'RP': [['SL', 'NW', 'HE', 'BW'], 4], 'BB': [['BE', 'MV', 'ST', 'SN', 'NI'], 0], 'NI': [['SH', 'HH', 'MV', 'BB', 'HB', 'HE', 'NW', 'ST', 'TH'], 0], 'SH': [['MV', 'HH', 'NI'], 1], 'ST': [['SN', 'TH', 'NI', 'BB'], 2], 'MV': [['SH', 'NI', 'BB'], 3], 'HH': [['NI', 'SH'], 7], 'BW': [['RP', 'HE', 'BY'], 1], 'SN': [['BY', 'TH', 'ST', 'BB'], 1], 'TH': [['BY', 'HE', 'NI', 'ST', 'SN'], 0], 'SL': [['RP'], 1], 'HB': [['NI'], 5], 'NW': [['NI', 'HE', 'RP'], 1], 'BY': [['BW', 'HE', 'TH', 'SN'], 1], 'HE': [['RP', 'NW', 'NI', 'TH', 'BY', 'BW'], 0]}
3626440
125714947
branch

 Scheme: [11, 37, 38, 42, 44, 47, 49]
 sDev: 11.8528391501

 greedyLowestCost: 392
 minScoreFreq: 259
 scoreCount: 53
 greedyUsedTrans[[8, 4, 3, 1, 0, 0, 0]]
 greedyFivePlus: 0
 greedyFivePlusNoDuplicate: 0

 branchLowestCost: 392
 branchIterations: 3626440
 branchIterations2: 125714947
 branchNSolutions: 2
 branchTransUsed: [[8, 4, 3, 1, 0, 0, 0], [8, 4, 3, 1, 0, 0, 0]]
 fivePlus: 0
 fivePlusNoDuplicate: 0



31
2551
477143
32
218996
11067776
33
5994
701907
34
47473
2576242
35
204172
9031064
36
131929
6105923
37
1347021
45925417
38
3184
430424
39
26210
1763242
40
7676
1525418
41
7213
786381
42
60289
4458570
43
24845
1716241
44
17092
1873555
45
547786
22117045
46
21409
2259922
47
14334
1436954
48
89704
8150904
49
3290
490903
50
93822
4559024
51
926756
35096361
52
58522
3808534
53
11878
1205189
54
292133
13341787
55
111175
5202217
56
18834
1391312
57
3491
554216
58
196978
9407432
59
11329
1031622
60
113565
5605330
61
53029
2965612
62
3987
670750
63
19664
1370432
64
13988
1727080
65
169368
7720035
66
7863
918985
67
5031
776588
68
6097
763253
69
21416
1661346
70
20689
1876822
71
1005350
37345056
72
251315
10567339
73
28182
2013783
74
29237
2195882
75
523398
19023061
76
9394
1101753
77
24480
1782372
78
100630
5428724
79
16035
2487956
80
309536
12496085
81
22116
1543162
82
359676
15169387
83
587881
21417065
84
31425
1877738
85
5143
617449
86
146599
6419053
87
18736
1566520
88
103396
5898716
89
37837
3034350
90
14132
1211225
91
9899
855375
92
29326
2439895
93
30443
2087083
94
72376
3666693
95
18484
1613376
96
33047
2231363
97
4302
1105481
98
46909
3134212
99
277366
10385000
100
4888
602241
101
191305
8350065
102
57580
3557262
103
23581
1413192
104
2445
470269
105
387029
14593316
106
108180
5206993
107
24799
1975094
108
4861
653329
109
4009
621620
110
10353
959738
111
3020
587082
112
414849
19467693
113
12300
1108878
114
1348042
49060215
115
43591
2682250
116
721121
27109254
117
13180
1031570
118
45130
2673731
119
840436
33671901
120
80302
4059792
121
20463
1557258
122
2784
436813
123
112911
5499182
124
137647
6018165
125
36963
2264198
126
1176015
39777441
127
68062
3620077
128
227756
10131609
129
236912
10841148
130
289705
12763885
131
58594
3183961
132
683090
25648751
133
210562
8940433
134
36236
2102337
135
2551
572228
136
59094
3158423
137
26742
1821580
138
117147
6493787
139
796841
29527796
140
114512
7573036
141
10285
1125518
142
3513
603097
143
55983
3100746
144
8431
1120145
145
40522
2489302
146
15172
1526108
147
689511
28918700
148
6525
822930
149
15355
1261783
150
5834
814302
151
106675
4932593
152
5846
782912
153
2572
423065
154
34820
2552349
155
11729
1608236
156
20321
1965501
157
59497
3622743
158
31718
2107652
159
29021
2063235
160
38432
2324707
161
91125
5376897
162
4386
1106773
163
4079
920622
164
9352
1094962
165
90749
4410059
166
14804
1463685
167
379291
16084285
168
114827
6680826
169
75941
3752143
170
17130
1204796
171
7212
921885
172
6924
913342
173
64289
3332151
174
11405
1617916
175
35026
2394147
176
64352
4095344
177
92002
4408536
178
850357
34122579
179
25737
1755783
180
14381
1296885
181
2890
443687
182
8916
843981
183
148035
6666265
184
5338
687543
185
19526
2324517
186
13851
1091986
187
195141
7299557
188
83809
4084488
189
2205634
77446433
190
4861
653329
191
16035
1182009
192
4255
639349
193
26117
1760371
194
179105
7835904
195
55991
3771804
196
49949
2893733
197
2445
566800
198
65703
3298463
199
6298
1132698
200
45424
2619011
201
6956
746115
202
2741
542900
203
80197
3986407
204
40504
2373033
205
34472
2118724
206
13213
1070955
207
181497
8137742
208
24264
1618282
209
2551
563594
210
10099
1440013
211
55479
3349332
212
209240
7677494
213
2282522
77313273
214
71152
3988060
215
146722
6101934
216
100000000
Now at: {'BE': [['BB'], 3], 'RP': [['SL', 'NW', 'HE', 'BW'], 2], 'BB': [['BE', 'MV', 'ST', 'SN', 'NI'], 0], 'NI': [['SH', 'HH', 'MV', 'BB', 'HB', 'HE', 'NW', 'ST', 'TH'], 0], 'SH': [['MV', 'HH', 'NI'], 7], 'ST': [['SN', 'TH', 'NI', 'BB'], 1], 'MV': [['SH', 'NI', 'BB'], 1], 'HH': [['NI', 'SH'], 1], 'BW': [['RP', 'HE', 'BY'], 1], 'SN': [['BY', 'TH', 'ST', 'BB'], 6], 'TH': [['BY', 'HE', 'NI', 'ST', 'SN'], 0], 'SL': [['RP'], 3], 'HB': [['NI'], 3], 'NW': [['NI', 'HE', 'RP'], 4], 'BY': [['BW', 'HE', 'TH', 'SN'], 0], 'HE': [['RP', 'NW', 'NI', 'TH', 'BY', 'BW'], 0]}
4115261
138846760
branch

 Scheme: [8, 34, 38, 39, 41, 47, 47]
 sDev: 12.3486758771

 greedyLowestCost: 353
 minScoreFreq: 266
 scoreCount: 53
 greedyUsedTrans[[8, 4, 3, 1, 0, 0, 0]]
 greedyFivePlus: 0
 greedyFivePlusNoDuplicate: 0

 branchLowestCost: 353
 branchIterations: 4115261
 branchIterations2: 138846760
 branchNSolutions: 2
 branchTransUsed: [[8, 4, 3, 1, 0, 0, 0], [8, 4, 3, 1, 0, 0, 0]]
 fivePlus: 0
 fivePlusNoDuplicate: 0



217
5513
979997
218
40012
2401469
219
4114
565615
220
437200
18572603
221
33258
2525808
222
4426
718285
223
8209
946677
224
643334
23760970
225
4861
653329
226
6604
693935
227
3163
634738
228
727892
28171430
229
804129
29762333
230
433371
16834873
231
20610
2710496
232
31343
2123897
233
3269
641512
234
60637
4567119
235
57497
3708174
236
179326
7994204
237
353695
13695154
238
8762
1023670
239
21808
2011593
240
44010
2875748
241
8452
1087259
242
22210
1618720
243
64320
3357807
244
186085
7641941
245
55878
3449958
246
4656
647726
247
222225
9725477
248
23128
2668357
249
7339
763263
250
30285
1994468
251
42997
2542496
252
84896
4070947
253
5338
687543
254
7598
1105538
255
174935
7633798
256
24403
1584030
257
158461
7397746
258
13370
1119957
259
61369
3244202
260
3404
571731
261
14275
1173702
262
93327
4813954
263
26697
2197259
264
30574
2018306
265
6101
807270
266
58899
3152143
267
422582
17009283
268
11624
1592964
269
6897
784717
270
16316
1261431
271
10918
1451932
272
143935
6321995
273
3693
510502
274
5141
647866
275
39828
2330146
276
6384
925780
277
3649
508435
278
178016
7958939
279
31674
2201456
280
7399
988174
281
6689
974701
282
67298
3614237
283
764123
27378046
284
121174
6207553
285
22895
1989047
286
93348
4477028
287
87408
5991351
288
21162
2030886
289
11986
1290085
290
13228
1042755
291
4181
553201
292
116190
6015528
293
23547
2007623
294
4472
738768
295
6754
852162
296
970185
33999801
297
37807
2244333
298
1230652
41347781
299
2678
429939
300
58832
3866404
301
22054
1567749
302
16904
1675844
303
242218
9724986
304
6390
748688
305
8073
765197
306
3269
544981
307
24915
1781009
308
35546
2312594
309
98965
5293194
310
539672
20874865
311
12007
972180
312
1557503
54324916
313
4135
723971
314
9293
991779
315
41939
3039061
316
9324
1121537
317
64184
3389833
318
5832
900749
319
85035
4190930
320
17209
1371357
321
13215
1388155
322
168437
7888199
323
130181
5984943
324
213108
9188621
325
6901
627562
326
361481
15055307
327
30022
1945222
328
4010
557847
329
38967
2286348
330
27520
1887755
331
21569
2052144
332
54619
3141301
333
29651
2014994
334
3505
536455
335
27334
1927773
336
11114
1513016
337
102172
4645772
338
205548
8236721
339
16847
1671457
340
19955
1400422
341
885988
32894879
342
64249
3509291
343
3902
551867
344
22564
1620092
345
6795
981575
346
1075029
40440542
347
6564
699301
348
24363
2140843
349
33558
2633044
350
7709
1079947
351
7227
857563
352
7016
749147
353
32734
1969019
354
8302
849066
355
3997
897517
356
93770
4973775
357
159681
7601454
358
11634
1599410
359
18172
1432832
360
44163
2577013
361
13653
1719200
362
11047
1087726
363
45821
2785551
364
6497
647051
365
679936
31058240
366
1055325
39772344
367
43116
2949860
368
31543
3180672
369
9853
1181062
370
58490
3084072
371
59592
3383186
372
6372
1169628
373
7484
1011467
374
16181
1702287
375
66298
4007485
376
4464
557462
377
5510
708435
378
19187
1359318
379
26890
2047507
380
66658
3831790
381
35337
2609971
382
50299
2991573
383
30900
1841586
384
6252
732761
385
207427
8774271
386
20882
2000639
387
69130
3664922
388
12252
1352897
389
54952
3002451
390
4120
587451
391
202812
8384765
392
12667
1872167
393
17784
1666402
394
118923
5195714
395
126295
6171992
396
2657
580548
397
27004
2065717
398
9944
976503
399
1838100
64597559
400
473573
17077365
401
1278992
43238039
402
29845
2284454
403
136249
6177373
404
207345
10658376
405
72500
4101231
406
5186
1120172
407
14865
1216095
408
7384
678811
409
1429979
49667392
410
7122
1014603
411
117763
5841287
412
60683
3418401
413
5170
595254
414
4197
599363
415
27971
1882295
416
6697
836221
417
55008
3464521
418
21900
1602013
419
2445
566800
420
8974
1144526
421
134048
6919456
422
77601
4028379
423
24633
2048791
424
5546
782530
425
29324
1765570
426
2563969
88151798
427
878822
31166520
428
12551
1106843
429
29364
1986409
430
244393
11419489
431
382644
15040081
432
11328
1384017
433
111674
5359688
434
5021
710311
435
47051
3461735
436
34499
2433575
437
12941
1111539
438
316991
12265469
439
11438
973931
440
7154
769418
441
19048
1319655
442
5858
600094
443
9552
950143
444
20771
1476494
445
590860
23425287
446
84020
4864415
447
33110
2117535
448
148579
7623291
449
6517
667866
450
42047
2387628
451
2665
501053
452
12065
1447352
453
2551
573774
454
70330
3575026
455
23932
1520901
456
47009
3169237
457
31981
2217770
458
23394
2088646
459
5338
687543
460
574647
21329372
461
18859
1600356
462
11972
1153373
463
319229
13231462
464
23606
1751627
465
46969
3207692
466
21256
1465007
467
7796
952524
468
22842
1619727
469
7650
977952
470
5803
648983
471
4715
651434
472
18333
1652300
473
32576
2645424
474
1685973
59726469
475
478102
17164215
476
19836
1857243
477
10797
1447593
478
38034
2460282
479
49072
3527301
480
20499
1533424
481
95793
5011185
482
52065
2811332
483
2572
423065
484
155269
6780560
485
3987
612819
486
7907
750229
487
1199177
39497105
488
31868
1971648
489
792004
28804398
490
5339
704046
491
11459
921637
492
43316
2999434
493
4441
524599
494
16740
1894779
495
50277
3090532
496
24556
1544616
497
8855
1176603
498
11885
1352821
499
141329
7259890
500
14767
1101351
501
74901
3804619
502
20146
1699130
503
3502
504651
504
34877
2759442
505
5337
581442
506
1163033
38452644
507
8566
1039978
508
16934
1794221
509
32080
2280230
510
8668
1045863
511
289630
12818154
512
33803
2047069
513
16730
1272090
514
463634
18383270
515
2590567
92341025
516
80696
4076096
517
89571
4150153
518
470419
17140033
519
62241
3182540
520
234541
9457524
521
142711
6030975
522
157824
6751579
523
5388
543551
524
71087
3987887
525
20312
1515875
526
614685
22615183
527
29838
2282361
528
6851
940951
529
37876
2321323
530
803823
31527300
531
7414
676653
532
3053
600811
533
2572
423065
534
75132
3601445
535
6989
801442
536
6386
1064319
537
1087290
40447929
538
197481
8471501
539
8713
1307289
540
30715
2122168
541
2369393
82094621
542
8529
1024623
543
1569590
54109070
544
65429
3277787
545
12172
1223089
546
188779
9861174
547
6064
764880
548
5766
644695
549
70328
3932589
550
4240
468191
551
443573
16112312
552
76569
4785961
553
4018
562023
554
2445
556720
555
215477
9510527
556
63337
3809114
557
82323
5142021
558
10748
930719
559
126928
5696801
560
21652
1296747
561
2445
566900
562
2445
566800
563
195924
10040607
564
23930
2682334
565
6154
2397909
566
14738
1247789
567
8055
952460
568
44703
2362743
569
15536
1211038
570
7864
830729
571
4726
626579
572
5782
992888
573
4114
565615
574
372772
15125193
575
499628
18434170
576
261916
11853902
577
134639
5670179
578
4599
770414
579
15836
1137096
580
3163
538107
581
132789
5634119
582
354236
14617782
583
97035
4735154
584
6154
2397909
585
186951
8543780
586
20642
1503517
587
902139
31349000
588
100000000
Now at: {'BE': [['BB'], 4], 'RP': [['SL', 'NW', 'HE', 'BW'], 4], 'BB': [['BE', 'MV', 'ST', 'SN', 'NI'], 0], 'NI': [['SH', 'HH', 'MV', 'BB', 'HB', 'HE', 'NW', 'ST', 'TH'], 0], 'SH': [['MV', 'HH', 'NI'], 5], 'ST': [['SN', 'TH', 'NI', 'BB'], 6], 'MV': [['SH', 'NI', 'BB'], 4], 'HH': [['NI', 'SH'], 2], 'BW': [['RP', 'HE', 'BY'], 1], 'SN': [['BY', 'TH', 'ST', 'BB'], 1], 'TH': [['BY', 'HE', 'NI', 'ST', 'SN'], 0], 'SL': [['RP'], 1], 'HB': [['NI'], 6], 'NW': [['NI', 'HE', 'RP'], 1], 'BY': [['BW', 'HE', 'TH', 'SN'], 1], 'HE': [['RP', 'NW', 'NI', 'TH', 'BY', 'BW'], 0]}
3510055
129575279
589
100000000
Now at: {'BE': [['BB'], 6], 'RP': [['SL', 'NW', 'HE', 'BW'], 4], 'BB': [['BE', 'MV', 'ST', 'SN', 'NI'], 0], 'NI': [['SH', 'HH', 'MV', 'BB', 'HB', 'HE', 'NW', 'ST', 'TH'], 0], 'SH': [['MV', 'HH', 'NI'], 5], 'ST': [['SN', 'TH', 'NI', 'BB'], 6], 'MV': [['SH', 'NI', 'BB'], 1], 'HH': [['NI', 'SH'], 1], 'BW': [['RP', 'HE', 'BY'], 5], 'SN': [['BY', 'TH', 'ST', 'BB'], 1], 'TH': [['BY', 'HE', 'NI', 'ST', 'SN'], 0], 'SL': [['RP'], 1], 'HB': [['NI'], 3], 'NW': [['NI', 'HE', 'RP'], 1], 'BY': [['BW', 'HE', 'TH', 'SN'], 2], 'HE': [['RP', 'NW', 'NI', 'TH', 'BY', 'BW'], 0]}
2897912
107539062
590
2890
443687
591
36820
2813404
592
12988
1097375
593
100000000
Now at: {'BE': [['BB'], 6], 'RP': [['SL', 'NW', 'HE', 'BW'], 3], 'BB': [['BE', 'MV', 'ST', 'SN', 'NI'], 0], 'NI': [['SH', 'HH', 'MV', 'BB', 'HB', 'HE', 'NW', 'ST', 'TH'], 0], 'SH': [['MV', 'HH', 'NI'], 3], 'ST': [['SN', 'TH', 'NI', 'BB'], 2], 'MV': [['SH', 'NI', 'BB'], 1], 'HH': [['NI', 'SH'], 1], 'BW': [['RP', 'HE', 'BY'], 1], 'SN': [['BY', 'TH', 'ST', 'BB'], 5], 'TH': [['BY', 'HE', 'NI', 'ST', 'SN'], 0], 'SL': [['RP'], 1], 'HB': [['NI'], 1], 'NW': [['NI', 'HE', 'RP'], 2], 'BY': [['BW', 'HE', 'TH', 'SN'], 5], 'HE': [['RP', 'NW', 'NI', 'TH', 'BY', 'BW'], 0]}
2873613
106477517
594
30745
2055709
595
267247
10540039
596
21581
1615522
597
3298
564857
598
4302
1105481
599
25142
2161358
600
53520
3160002
601
179833
7820451
602
755371
27382772
603
983359
38789868
604
9198
925644
605
47583
2761445
606
5180
1120082
607
16705
2494353
608
20401
1727821
609
5680
797232
610
50514
3023587
611
212275
10679171
612
41575
2252210
613
30989
1890052
614
20966
2195539
615
41757
2753988
616
5952
654455
617
7947
1308039
618
1777705
64013430
619
248972
10211586
620
33775
1948819
621
5338
687543
622
11887
1006383
623
454049
16804855
624
5180
1120082
625
4890
715881
626
11753
1655026
627
507912
18914972
628
354821
14572818
629
20317
1551841
630
297554
12866397
631
13649
1168393
632
45900
3219565
633
12856
1005735
634
4133
626441
635
2580668
93371670
636
97526
4716352
637
35091
2783656
638
219024
8736002
639
66519
3385600
640
3613
506740
641
32834
2036873
642
45106
3489948
643
2445
565354
644
510638
20786653
645
538299
20714718
646
30584
2127487
647
137437
6759478
648
2657
541948
649
72979
3975628
650
190895
8621701
651
156753
6523455
652
4577
929934
653
202250
8902208
654
31625
2689525
655
46353
3517450
656
11230
1207784
657
3502
504651
658
60706
3574276
659
12512
1015856
660
38272
2265693
661
40975
3018135
662
4029
717097
663
39184
2566549
664
5782
992888
665
1086013
39340715
666
247333
9746921
667
10286
1112243
668
21246
1606819
669
70170
3656750
670
10980
1563595
671
5081
722840
672
62572
3298524
673
92446
4304697
674
756446
26599008
675
2445
556720
676
8701
871127
677
40386
2368302
678
14148
1493809
679
14619
1087225
680
4114
565615
681
485814
16649580
682
270167
11362024
683
70404
4035189
684
46768
2603703
685
96907
4829752
686
860127
31098171
687
3041
479689
688
37058
2656758
689
266354
17811210
690
15139
1379966
691
2657
580648
692
11397
1350171
693
31618
1802650
694
166144
7896311
695
4037
578617
696
100000000
Now at: {'BE': [['BB'], 3], 'RP': [['SL', 'NW', 'HE', 'BW'], 1], 'BB': [['BE', 'MV', 'ST', 'SN', 'NI'], 1], 'NI': [['SH', 'HH', 'MV', 'BB', 'HB', 'HE', 'NW', 'ST', 'TH'], 0], 'SH': [['MV', 'HH', 'NI'], 1], 'ST': [['SN', 'TH', 'NI', 'BB'], 1], 'MV': [['SH', 'NI', 'BB'], 2], 'HH': [['NI', 'SH'], 6], 'BW': [['RP', 'HE', 'BY'], 3], 'SN': [['BY', 'TH', 'ST', 'BB'], 7], 'TH': [['BY', 'HE', 'NI', 'ST', 'SN'], 0], 'SL': [['RP'], 3], 'HB': [['NI'], 1], 'NW': [['NI', 'HE', 'RP'], 4], 'BY': [['BW', 'HE', 'TH', 'SN'], 1], 'HE': [['RP', 'NW', 'NI', 'TH', 'BY', 'BW'], 0]}
4077015
138125383
697
61993
3384986
698
167520
7098659
699
191623
8658861
700
9385
1307992
701
10524
977905
702
13421
1496339
703
12302
1118116
704
3375
551855
705
37991
2137326
706
21740
1640167
707
88462
4627663
708
17577
1432373
709
2665975
93874288
710
4143
585491
711
3871
447844
712
86906
4225314
713
760949
26536278
714
5284
920275
715
18588
1932731
716
14485
1284313
717
13260
1413236
718
80591
4157606
719
2445
566800
720
7947
1308039
721
32693
2558429
722
14381
1835994
723
21534
1876530
724
78510
3916515
725
22153
1432829
726
8286
997864
727
89728
5156576
728
522913
19011210
729
22019
1542461
730
367109
17105599
731
1668251
57631447
732
96815
4870817
733
100022
6913210
734
9919
996613
735
36723
2328879
736
728179
26054012
737
12072
1462885
738
3958
919568
739
11557
1338636
740
44132
2521592
741
22546
1751796
742
13749
1120294
743
19491
1596390
744
22959
1584038
745
58037
3022075
746
10099
1440013
747
7921
958149
748
16950
1340576
749
5780
983342
750
62137
3587088
751
193647
7514136
752
24383
1544039
753
94654
4544024
754
771541
29373543
755
184422
7937945
756
24971
2053160
757
5726
944140
758
176028
7211512
759
8847
987823
760
219451
9093982
761
26843
2039797
762
54945
3369851
763
2445
528200
764
2325856
81387391
765
100420
5366831
766
407914
15825604
767
16985
1409153
768
9985
901266
769
3741
478359
770
7668
1016723
771
102124
5149835
772
51620
2869804
773
130530
6072420
774
24479
2020336
775
663761
24793726
776
90810
4902257
777
6020
1045566
778
375109
15383384
779
478802
17667689
780
7881
756517
781
54808
3155049
782
151831
7425517
783
9004
1198466
784
3163
538107
785
91564
4773806
786
25588
1705203
787
90940
4537558
788
9222
948606
789
91391
4869806
790
12341
987080
791
346488
12924682
792
31087
2043304
793
35561
2329125
794
549510
23839483
795
8787
783987
796
10045
1340683
797
7765
1107008
798
85995
4290267
799
10698
1248528
800
298989
13296965
801
15869
1409344
802
82278
4055127
803
12677
1118817
804
46984
3230672
805
13677
1411859
806
37105
2745088
807
121838
6523518
808
3163
634638
809
7138
977533
810
158056
7611301
811
7627
1119911
812
19102
1709594
813
9947
978971
814
5568
687213
815
10124
878934
816
9132
980202
817
193291
8173484
818
317605
12830123
819
22713
1542465
820
328450
15169669
821
96514
6014036
822
32306
2041857
823
207984
8335791
824
7628
952556
825
73756
4474740
826
17903
1564972
827
1201628
40232437
828
244297
10705253
829
60275
3257349
830
125132
5697076
831
105417
6409257
832
8854
1034549
833
336522
13328949
834
100000000
Now at: {'BE': [['BB'], 5], 'RP': [['SL', 'NW', 'HE', 'BW'], 1], 'BB': [['BE', 'MV', 'ST', 'SN', 'NI'], 0], 'NI': [['SH', 'HH', 'MV', 'BB', 'HB', 'HE', 'NW', 'ST', 'TH'], 0], 'SH': [['MV', 'HH', 'NI'], 5], 'ST': [['SN', 'TH', 'NI', 'BB'], 2], 'MV': [['SH', 'NI', 'BB'], 1], 'HH': [['NI', 'SH'], 1], 'BW': [['RP', 'HE', 'BY'], 2], 'SN': [['BY', 'TH', 'ST', 'BB'], 1], 'TH': [['BY', 'HE', 'NI', 'ST', 'SN'], 0], 'SL': [['RP'], 3], 'HB': [['NI'], 5], 'NW': [['NI', 'HE', 'RP'], 4], 'BY': [['BW', 'HE', 'TH', 'SN'], 0], 'HE': [['RP', 'NW', 'NI', 'TH', 'BY', 'BW'], 0]}
3195041
111529217
835
6199
721940
836
4762
735067
837
20679
1639824
838
17802
1409134
839
523750
21668227
840
16284
1950510
841
17833
1436176
842
74324
3974067
843
8766
1299618
844
319946
12658033
845
2551
477143
846
1242697
42267580
847
14326
1302643
848
8777
1215742
849
6258
745623
850
6735
731600
851
300791
12389537
852
16025
2487919
853
9122
1084317
854
29593
1725494
855
6270
765519
856
10122
1484866
857
26216
2079539
858
30748
1999796
859
418686
15111778
860
3290
490903
861
2445
566900
862
277411
10730885
863
844276
31504179
864
25627
2055441
865
17423
1945947
866
223432
9777967
867
46732
2868664
868
3902
551867
869
253174
11321243
870
28699
2278263
871
115556
5550411
872
218864
9547505
873
4094
576081
874
2445
528200
875
41390
2514368
876
15269
1571577
877
63050
3679356
878
8188
729304
879
273341
12073287
880
234213
10240838
881
113952
5556808
882
45733
2855249
883
382557
15899675
884
8154
1130253
885
28170
1782713
886
6297
698762
887
1897208
63329202
888
6220
802007
889
5349
591221
890
5039
572207
891
49539
2899287
892
56987
3120732
893
1764539
61517859
894
11466
1518283
895
30974
2841122
896
17928
1406124
897
54652
3134453
898
1666958
56195606
899
205772
9387489
900
72487
3747547
901
86484
4276645
902
44498
3376109
903
2580
497019
904
21029
1699758
905
4243
550133
906
25220
1879838
907
11211
1776065
908
5992
786127
909
12879
1139868
910
7069
787843
911
44430
2500113
912
53850
2829685
913
2445
566900
914
13984
1517417
915
18327
1389215
916
4583
725170
917
2445
528200
918
3110
595347
919
16835
1447409
920
4029
717097
921
342811
12727103
922
33170
2048633
923
37912
3137358
924
13994
1165686
925
418879
16803601
926
45629
2862031
927
3527
554420
928
9637
986055
929
47229
2784955
930
30416
2611781
931
38154
2502461
932
2445
556720
933
5780
1155310
934
41568
2389489
935
9040
1077423
936
139738
6879114
937
81039
4551355
938
69961
3488465
939
2551
563594
940
6401
972990
941
80812
4143481
942
8101
1272724
943
8769
931880
944
572445
22513325
945
14387
1402532
946
448275
17954032
947
7775
1198689
948
95847
4584470
949
69909
3663217
950
33845
2214211
951
471930
18671281
952
7048
793193
953
118897
6820774
954
65758
3393857
955
7493
920665
956
58402
3115307
957
5812
756530
958
2069511
75763405
959
106201
5368224
960
1630898
59692058
961
1064060
39301845
962
22643
1801412
963
6480
1007898
964
19646
1509904
965
32946
2004238
966
11160
1197396
967
35848
2315021
968
67518
3486885
969
9376
823391
970
137539
5989338
971
110206
5693167
972
8668
1045863
973
21765
2009069
974
38850
2462715
975
16572
1331635
976
91530
4915472
977
26581
2267296
978
13138
1032276
979
42217
2408236
980
73539
3677824
981
23425
1978894
982
785283
30453279
983
3986
689091
984
2445
566900
985
6794
985000
986
81489
5930477
987
51801
3105046
988
14902
1291455
989
58308
3253304
990
181614
7392637
991
806814
28369720
992
246884
11108106
993
9139
1001308
994
353562
15682336
995
44678
2676085
996
253255
10678918
997
193618
9190614
998
11249
1256162
999
52811
3157394
1000
7619
1038217
1001
154173
6400801
1002
4465
560725
1003
4544
687165
1004
3891
501041
1005
5297
625208
1006
1650406
56017308
1007
44882
2705759
1008
18049
1526258
1009
33722
2081055
1010
320255
13135077
1011
111929
6634836
1012
22529
1715516
1013
7544
1027961
1014
7525
932511
1015
26586
2019445
1016
8271
1274883
1017
81148
3957628
1018
78694
4341196
1019
57064
2952351
1020
77880
4143478
1021
66522
3639899
1022
1021932
38251394
1023
64339
3208633
1024
18731
1616942
1025
29867
2042673
1026
43262
2582333
1027
6006
634831
1028
29507
2094744
1029
47517
3262042
1030
52605
3308441
1031
2445
566800
1032
7324
1010740
1033
212668
9443768
1034
1259919
44910807
1035
85201
4953687
1036
10204
1451948
1037
25776
1638102
1038
7916
753078
1039
193705
7984079
1040
3455
701134
1041
5298
566615
1042
1025421
40136339
1043
27429
1939947
1044
19030
1774810
1045
22494
2300261
1046
34308
2213366
1047
24058
1916225
1048
141508
9513496
1049
16769
1611770
1050
174436
7221940
1051
61670
3252763
1052
196330
7681902
1053
44819
2549381
1054
14096
1233875
1055
26490
2263488
1056
33950
3028761
1057
3902
551867
1058
8107
952359
1059
77924
3849792
1060
67771
3491092
1061
64808
3913271
1062
7436
1195803
1063
96652
4662229
1064
6951
824526
1065
366477
14690035
1066
89812
4108047
1067
5986
645805
1068
24443
1529661
1069
30132
1921589
1070
20338
1527032
1071
142991
6368066
1072
133223
6027702
1073
8709
821073
1074
7692
826223
1075
75544
3692506
1076
13417
1151992
1077
110653
5053343
1078
74420
3718086
1079
6385
1064558
1080
746222
26318498
1081
32984
2035778
1082
3810
561489
1083
24445
1881057
1084
18078
1803852
1085
44541
3125385
1086
27711
2285799
1087
99389
5049999
1088
505944
19565734
1089
2094756
72379174
1090
4300
557103
1091
3301
564399
1092
6154
2397909
1093
21894
1498242
1094
4732
633889
1095
93734
4684805
1096
6852
1069695
1097
12890
1664014
1098
20809
1474323
1099
26950
1695773
1100
15242
1448867
1101
32641
2050972
1102
7494
722450
1103
2572
423065
1104
285352
12256759
1105
358108
15239554
1106
1418150
49594569
1107
16839
2647762
1108
21303
1678669
1109
61490
3195510
1110
185246
7481986
1111
8044
1008725
1112
116726
5225598
1113
2445
470269
1114
20648
2798291
1115
39179
2501974
1116
256419
10786735
1117
7453
847087
1118
15115
1373093
1119
100000000
Now at: {'BE': [['BB'], 1], 'RP': [['SL', 'NW', 'HE', 'BW'], 2], 'BB': [['BE', 'MV', 'ST', 'SN', 'NI'], 0], 'NI': [['SH', 'HH', 'MV', 'BB', 'HB', 'HE', 'NW', 'ST', 'TH'], 0], 'SH': [['MV', 'HH', 'NI'], 4], 'ST': [['SN', 'TH', 'NI', 'BB'], 0], 'MV': [['SH', 'NI', 'BB'], 1], 'HH': [['NI', 'SH'], 6], 'BW': [['RP', 'HE', 'BY'], 4], 'SN': [['BY', 'TH', 'ST', 'BB'], 0], 'TH': [['BY', 'HE', 'NI', 'ST', 'SN'], 0], 'SL': [['RP'], 7], 'HB': [['NI'], 2], 'NW': [['NI', 'HE', 'RP'], 4], 'BY': [['BW', 'HE', 'TH', 'SN'], 0], 'HE': [['RP', 'NW', 'NI', 'TH', 'BY', 'BW'], 0]}
5835196
189418445
branch

 Scheme: [4, 31, 33, 33, 35, 40, 45]
 sDev: 12.1167787192

 greedyLowestCost: 288
 minScoreFreq: 999
 scoreCount: 21
 greedyUsedTrans[[8, 4, 2, 2, 0, 0, 0]]
 greedyFivePlus: 0
 greedyFivePlusNoDuplicate: 0

 branchLowestCost: 288
 branchIterations: 5835196
 branchIterations2: 189418445
 branchNSolutions: 16
 branchTransUsed: [[8, 4, 2, 2, 0, 0, 0], [8, 4, 3, 1, 0, 0, 0], [8, 4, 2, 2, 0, 0, 0], [8, 4, 2, 2, 0, 0, 0], [8, 4, 2, 2, 0, 0, 0], [8, 4, 3, 1, 0, 0, 0], [8, 4, 2, 2, 0, 0, 0], [8, 4, 2, 2, 0, 0, 0], [8, 4, 2, 2, 0, 0, 0], [8, 4, 2, 2, 0, 0, 0], [8, 4, 2, 2, 0, 0, 0], [8, 4, 1, 3, 0, 0, 0], [8, 4, 2, 2, 0, 0, 0], [8, 4, 2, 2, 0, 0, 0], [8, 4, 1, 3, 0, 0, 0], [8, 4, 2, 2, 0, 0, 0]]
 fivePlus: 0
 fivePlusNoDuplicate: 0



1120
22553
1676999
1121
16068
1370563
1122
42677
2718370
1123
36757
2455575
1124
137141
7165817
1125
4271
923154
1126
172328
7789387
1127
9567
1199443
1128
4302
1105481
1129
92645
4640445
1130
172673
7497101
1131
14221
1042828
1132
19136
1465690
1133
4302
1105481
1134
113008
7970788
1135
2890
443687
1136
50471
3061877
1137
692924
25441588
1138
5732
903908
1139
9074
1002122
1140
268608
13242602
1141
8766
809896
1142
15171
1371849
1143
6849
689995
1144
116884
6293234
1145
10294
1261464
1146
40950
2520849
1147
3331
576494
1148
35340
2154717
1149
136202
6002226
1150
40626
2369663
1151
6202
625170
1152
56769
3173695
1153
4236
629548
1154
18287
1575787
1155
22109
1840478
1156
34989
2169737
1157
7647
701725
1158
22093
1512827
1159
3290
490903
1160
161747
7754423
1161
93673
5256147
1162
2572
423065
1163
80896
4265440
1164
11369
1341219
1165
10658
1484790
1166
371818
16855936
1167
1198461
40995592
1168
7666
802869
1169
8683
814365
1170
136096
7372049
1171
9242
1173532
1172
15445
1329983
1173
135507
6217003
1174
193919
10006010
1175
61647
3388777
1176
75593
4003095
1177
183921
7654476
1178
23655
1872044
1179
386622
15687451
1180
26864
2685355
1181
409284
15178573
1182
6162
672941
1183
52059
3192091
1184
55856
3282769
1185
50180
2821663
1186
1432384
48439391
1187
71836
3546091
1188
100000000
Now at: {'BE': [['BB'], 6], 'RP': [['SL', 'NW', 'HE', 'BW'], 4], 'BB': [['BE', 'MV', 'ST', 'SN', 'NI'], 1], 'NI': [['SH', 'HH', 'MV', 'BB', 'HB', 'HE', 'NW', 'ST', 'TH'], 0], 'SH': [['MV', 'HH', 'NI'], 6], 'ST': [['SN', 'TH', 'NI', 'BB'], 1], 'MV': [['SH', 'NI', 'BB'], 1], 'HH': [['NI', 'SH'], 1], 'BW': [['RP', 'HE', 'BY'], 1], 'SN': [['BY', 'TH', 'ST', 'BB'], 6], 'TH': [['BY', 'HE', 'NI', 'ST', 'SN'], 0], 'SL': [['RP'], 1], 'HB': [['NI'], 3], 'NW': [['NI', 'HE', 'RP'], 1], 'BY': [['BW', 'HE', 'TH', 'SN'], 3], 'HE': [['RP', 'NW', 'NI', 'TH', 'BY', 'BW'], 0]}
3069976
106865671
1189
53477
2966667
1190
35267
2545558
1191
34422
2232003
1192
660542
24465800
1193
311253
11744715
1194
58460
3405467
1195
10314
1223016
1196
964658
33791940
1197
4126
700003
1198
51253
3414075
1199
21662
1295085
1200
23416
2192651
1201
5986
774419
1202
5841
968029
1203
861298
33226320
1204
450546
19080645
1205
34172
2522729
1206
163756
7858729
1207
152689
8047003
1208
51463
2699057
1209
8015
1025382
1210
13177
1106432
1211
21735
1455990
1212
13276
1306918
1213
10251
1302109
1214
47927
2993502
1215
4725
666163
1216
273468
10936053
1217
20026
2012196
1218
35407
2441594
1219
211646
10885425
1220
504635
19650492
1221
5333
669427
1222
123413
6641590
1223
69219
3424619
1224
6888
718827
1225
11569
949953
1226
8376
851384
1227
247794
10539140
1228
8803
1072613
1229
53140
3070455
1230
4143
585491
1231
7269
958045
1232
147110
7346955
1233
20923
1471493
1234
17746
1497004
1235
22647
1534865
1236
49652
2941563
1237
39813
2361967
1238
8846
959772
1239
41586
3268480
1240
219862
9277483
1241
2445
470269
1242
144180
6311246
1243
5545
781551
1244
2089347
72067586
1245
23014
1793567
1246
300787
12045082
1247
21074
1801013
1248
2109303
76933496
1249
102073
4856798
1250
5136
669377
1251
34591
1949472
1252
29235
1843879
1253
269582
12199367
1254
117780
5354118
1255
21056
1579982
1256
7414
1117075
1257
10181
830016
1258
46536
2782968
1259
1580495
55454086
1260
6271
959023
1261
88904
5171613
1262
23105
1475733
1263
2551
477143
1264
52175
2757832
1265
28196
2040782
1266
25879
1806258
1267
676040
23181299
1268
187418
8509694
1269
40978
2485464
1270
7261
946655
1271
10709
998424
1272
15588
1174516
1273
14164
2117532
1274
29937
2026922
1275
207776
9004550
1276
181214
9743607
1277
14580
1607343
1278
126864
8017817
1279
748275
27029284
1280
404827
15312886
1281
132805
6078191
1282
5186
1120172
1283
155703
8284013
1284
67539
3443871
1285
8012
1093048
1286
20137
1472440
1287
47634
3036719
1288
42501
2470788
1289
27137
1827151
1290
19024
1614737
1291
67063
3459042
1292
19701
1835922
1293
72916
3792911
1294
2551
563594
1295
24436
2073050
1296
20662
2082742
1297
10035
1348422
1298
91739
4997336
1299
100000000
Now at: {'BE': [['BB'], 3], 'RP': [['SL', 'NW', 'HE', 'BW'], 1], 'BB': [['BE', 'MV', 'ST', 'SN', 'NI'], 0], 'NI': [['SH', 'HH', 'MV', 'BB', 'HB', 'HE', 'NW', 'ST', 'TH'], 0], 'SH': [['MV', 'HH', 'NI'], 2], 'ST': [['SN', 'TH', 'NI', 'BB'], 0], 'MV': [['SH', 'NI', 'BB'], 1], 'HH': [['NI', 'SH'], 5], 'BW': [['RP', 'HE', 'BY'], 2], 'SN': [['BY', 'TH', 'ST', 'BB'], 0], 'TH': [['BY', 'HE', 'NI', 'ST', 'SN'], 0], 'SL': [['RP'], 1], 'HB': [['NI'], 1], 'NW': [['NI', 'HE', 'RP'], 4], 'BY': [['BW', 'HE', 'TH', 'SN'], 0], 'HE': [['RP', 'NW', 'NI', 'TH', 'BY', 'BW'], 0]}
4400507
149372018
1300
75966
3944987
1301
11307
1097443
1302
10255
1187823
1303
12384
1356695
1304
6509
794379
1305
6861
675950
1306
8065
892204
1307
2890
443687
1308
21749
1487896
1309
5359
845899
1310
132284
5970575
1311
8711
984287
1312
15698
1394046
1313
207249
8817148
1314
41462
2808803
1315
2657
570468
1316
244628
10682813
1317
170439
8774234
1318
36544
2432324
1319
64660
3491161
1320
13117
1284516
1321
2445
528200
1322
547385
21757286
1323
9694
897461
1324
13505
1141550
1325
26878
1956742
1326
1073818
41478376
1327
205234
8190940
1328
96087
5200794
1329
222494
8755783
1330
25805
1657857
1331
73699
4634570
1332
2445
566800
1333
546365
19149045
1334
21719
1740268
1335
149193
6658428
1336
62332
3262860
1337
217808
8411646
1338
129176
6126307
1339
10313
1176655
1340
28216
2220318
1341
204562
8574997
1342
6999
887420
1343
122107
5616110
1344
5782
992888
1345
30532
1828573
1346
21483
1532470
1347
27690
2101657
1348
501225
24421944
1349
6824
1023820
1350
18747
1221506
1351
6965
790040
1352
5571
859647
1353
67891
3823507
1354
58138
3787186
1355
199435
7987016
1356
108592
5377042
1357
49433
2851348
1358
51370
3002415
1359
50197
2689881
1360
71580
4449243
1361
182182
7761417
1362
18960
1354842
1363
48900
2902934
1364
821324
31835724
1365
24030
1537852
1366
524568
19058459
1367
17761
2694127
1368
62688
3213845
1369
10833
894110
1370
2572
423065
1371
28587
2001662
1372
155217
7253193
1373
61616
3308411
1374
39370
2486847
1375
31103
2256333
1376
72253
3764563
1377
165635
8002918
1378
15793
1392200
1379
16082
1244133
1380
292159
11333856
1381
8213
1035536
1382
1232504
42641392
1383
43129
2828598
1384
7649
769962
1385
24884
1656373
1386
4114
565615
1387
19095
1396394
1388
71234
4179979
1389
180901
7379186
1390
105285
6688992
1391
38655
2516341
1392
41436
2708736
1393
9920
1102527
1394
7862
931123
1395
2478662
86237050
1396
46221
2781035
1397
56475
3266754
1398
43051
2372914
1399
499874
19653314
1400
356023
14928236
1401
115078
5351641
1402
4991
664688
1403
3958
919568
1404
128766
5952334
1405
197412
9629829
1406
26850
1954880
1407
198701
8475901
1408
34718
2474071
1409
10356
1152398
1410
231995
12147196
1411
11966
1325166
1412
8820
934577
1413
8568
1355871
1414
166735
7221663
1415
286859
11854216
1416
21297
2004214
1417
77164
4178811
1418
31657
2560312
1419
42821
2638166
1420
45560
2784070
1421
7799
755559
1422
138075
6610962
1423
98003
6637800
1424
100000000
Now at: {'BE': [['BB'], 3], 'RP': [['SL', 'NW', 'HE', 'BW'], 2], 'BB': [['BE', 'MV', 'ST', 'SN', 'NI'], 0], 'NI': [['SH', 'HH', 'MV', 'BB', 'HB', 'HE', 'NW', 'ST', 'TH'], 0], 'SH': [['MV', 'HH', 'NI'], 2], 'ST': [['SN', 'TH', 'NI', 'BB'], 1], 'MV': [['SH', 'NI', 'BB'], 1], 'HH': [['NI', 'SH'], 1], 'BW': [['RP', 'HE', 'BY'], 5], 'SN': [['BY', 'TH', 'ST', 'BB'], 0], 'TH': [['BY', 'HE', 'NI', 'ST', 'SN'], 0], 'SL': [['RP'], 6], 'HB': [['NI'], 3], 'NW': [['NI', 'HE', 'RP'], 4], 'BY': [['BW', 'HE', 'TH', 'SN'], 0], 'HE': [['RP', 'NW', 'NI', 'TH', 'BY', 'BW'], 0]}
3889238
135341304
1425
222750
9135505
1426
16997
1453155
1427
49555
2827005
1428
49152
2731390
1429
17044
1185044
1430
3396
497777
1431
1228484
42231831
1432
11751
984791
1433
36043
2449997
1434
26347
1809509
1435
8704
1152295
1436
204873
9076642
1437
1537317
53910274
1438
6154
2397909
1439
1007869
36542828
1440
7402
1338337
1441
1228645
43093037
1442
5471
623868
1443
99048
4488551
1444
16025
2487919
1445
73985
3842924
1446
8670
865705
1447
10238
991341
1448
63535
3248753
1449
7914
778159
1450
238433
10344521
1451
6694
962460
1452
162335
6799823
1453
86563
5573967
1454
38861
2529627
1455
8739
832795
1456
101328
5164327
1457
116316
8051508
1458
20429
1581838
1459
73085
3587283
1460
4968
928752
1461
131992
6183780
1462
3163
624558
1463
2132298
74934505
1464
3589
556499
1465
85382
5114641
1466
28367
2121409
1467
58700
3923805
1468
290055
11918992
1469
39963
2288635
1470
10492
1115750
1471
35752
2054926
1472
76720
5091083
1473
22512
1547921
1474
26692
1699836
1475
2551
573774
1476
67819
3609785
1477
6392
1137732
1478
4502
927225
1479
9378
1252181
1480
226491
9347454
1481
143122
8021937
1482
4799
714436
1483
24222
1592086
1484
40772
2573270
1485
54472
2808227
1486
4599
673783
1487
310321
12688725
1488
444436
17328225
1489
6645
887473
1490
70815
3943349
1491
167613
7012354
1492
16091
2397501
1493
132920
7019419
1494
60093
3530772
1495
84490
4122500
1496
60367
3478757
1497
5618
652125
1498
112958
5361706
1499
100000000
Now at: {'BE': [['BB'], 3], 'RP': [['SL', 'NW', 'HE', 'BW'], 2], 'BB': [['BE', 'MV', 'ST', 'SN', 'NI'], 0], 'NI': [['SH', 'HH', 'MV', 'BB', 'HB', 'HE', 'NW', 'ST', 'TH'], 0], 'SH': [['MV', 'HH', 'NI'], 1], 'ST': [['SN', 'TH', 'NI', 'BB'], 1], 'MV': [['SH', 'NI', 'BB'], 3], 'HH': [['NI', 'SH'], 2], 'BW': [['RP', 'HE', 'BY'], 1], 'SN': [['BY', 'TH', 'ST', 'BB'], 1], 'TH': [['BY', 'HE', 'NI', 'ST', 'SN'], 0], 'SL': [['RP'], 3], 'HB': [['NI'], 2], 'NW': [['NI', 'HE', 'RP'], 1], 'BY': [['BW', 'HE', 'TH', 'SN'], 0], 'HE': [['RP', 'NW', 'NI', 'TH', 'BY', 'BW'], 0]}
4102747
139737875
1500
131650
8212154
1501
30406
2043367
1502
171172
7460776
1503
2551
535074
1504
20161
1359157
1505
130596
5860322
1506
8243
1090878
1507
1501545
51562443
1508
54420
3039156
1509
3269
641512
1510
2551
477143
1511
9443
1140215
1512
221205
8849777
1513
41800
2900074
1514
53870
3005862
1515
59230
3455526
1516
7309
897185
1517
25851
2535885
1518
8096
1072431
1519
8744
863221
1520
9571
1032571
1521
11670
1503952
1522
582613
21025117
1523
36068
2277601
1524
11064
1456637
1525
5349
775101
1526
92579
5417295
1527
76953
4534190
1528
103675
4899471
1529
3821
707479
1530
673070
29205997
1531
100000000
Now at: {'BE': [['BB'], 6], 'RP': [['SL', 'NW', 'HE', 'BW'], 3], 'BB': [['BE', 'MV', 'ST', 'SN', 'NI'], 0], 'NI': [['SH', 'HH', 'MV', 'BB', 'HB', 'HE', 'NW', 'ST', 'TH'], 0], 'SH': [['MV', 'HH', 'NI'], 5], 'ST': [['SN', 'TH', 'NI', 'BB'], 1], 'MV': [['SH', 'NI', 'BB'], 2], 'HH': [['NI', 'SH'], 1], 'BW': [['RP', 'HE', 'BY'], 1], 'SN': [['BY', 'TH', 'ST', 'BB'], 3], 'TH': [['BY', 'HE', 'NI', 'ST', 'SN'], 0], 'SL': [['RP'], 1], 'HB': [['NI'], 1], 'NW': [['NI', 'HE', 'RP'], 7], 'BY': [['BW', 'HE', 'TH', 'SN'], 0], 'HE': [['RP', 'NW', 'NI', 'TH', 'BY', 'BW'], 0]}
2911779
110420151
1532
128951
6322899
1533
8748
1107547
1534
21034
2160434
1535
4640
611746
1536
9539
1236812
1537
4386
1106773
1538
160764
10197487
1539
104801
5394097
1540
498916
19483773
1541
3163
538107
1542
83076
4546257
1543
5893
699771
1544
11551
942659
1545
183790
8601993
1546
10324
1031441
1547
6093
650315
1548
74733
3787619
1549
12464
1064425
1550
34623
2063389
1551
18529
1460768
1552
5913
969871
1553
146037
7823651
1554
43587
2450843
1555
258621
12565153
1556
7937
1308002
1557
5974
1045325
1558
10240
1251239
1559
2415117
84322606
1560
109497
5103377
1561
26084
1798741
1562
5254
650316
1563
5875
668021
1564
22302
1853628
1565
6562
809471
1566
16467
1539317
1567
60415
3345578
1568
757215
26121965
1569
418483
16836853
1570
2445
556720
1571
6449
672066
1572
6344
1163542
1573
36995
2820849
1574
971118
37283382
1575
68267
3641034
1576
44523
2616684
1577
265911
11034332
1578
22358
1371155
1579
7022
714422
1580
16230
1886412
1581
130423
5736945
1582
783841
31574465
1583
5418
761816
1584
2445
566900
1585
16594
1519181
1586
13750
1618343
1587
467806
18562261
1588
9687
1171416
1589
6148
708726
1590
27742
1983697
1591
50964
2960033
1592
18180
1395319
1593
42870
2722521
1594
2662798
92517023
1595
17302
1411002
1596
149143
6720215
1597
7202
710599
1598
4558
905862
1599
117905
5627297
1600
475148
17303868
1601
82501
4085084
1602
79763
3886679
1603
13000
1781243
1604
16761
1871062
1605
5704
755931
1606
2445
528200
1607
116593
5642145
1608
6019
1045508
1609
13724
1126981
1610
2678
429939
1611
26571
1838676
1612
327470
14136977
1613
154981
6993624
1614
137138
6097665
1615
3987
612819
1616
38826
2493894
1617
6154
2397909
1618
45763
2574954
1619
85798
4231176
1620
312343
12750439
1621
33867
2525085
1622
64521
3848795
1623
45188
2697259
1624
65109
3257051
1625
4203
899969
1626
300113
12608934
1627
342553
13431779
1628
392309
18843113
1629
79704
4367672
1630
20527
1694932
1631
291929
20927284
1632
23254
1796091
1633
5401
746168
1634
129096
5948374
1635
12433
1298929
1636
433379
17510409
1637
9921
905288
1638
62235
3327744
1639
18402
1464646
1640
149621
6811669
1641
3455
701134
1642
534985
18807013
1643
20173
1771702
1644
12625
1179158
1645
41155
2641313
1646
20789
1669433
1647
31623
1827938
1648
5641
713727
1649
86105
4576636
1650
28785
1854122
1651
544424
23465078
1652
7964
1265012
1653
10901
896622
1654
1018979
35806746
1655
11215
1493690
1656
14151
1141109
1657
11025
917551
1658
87038
4640945
1659
7619
1038217
1660
6704
945550
1661
37797
3177005
1662
17788
1307726
1663
596836
21396700
1664
60315
3181121
1665
11883
1191087
1666
103756
6722878
1667
40021
2521431
1668
191321
8315209
1669
21748
2171617
1670
2445
566900
1671
64922
3521378
1672
42793
2994584
1673
352028
13950127
1674
84744
4036386
1675
44309
2605784
1676
115890
5373145
1677
26816
1871710
1678
1784867
62683525
1679
26504
2826466
1680
13624
1067374
1681
330676
14145726
1682
52892
3203961
1683
19332
1418056
1684
10461
1306988
1685
291479
12941228
1686
79861
4050153
1687
20542
2231327
1688
16092
1425838
1689
36213
2220897
1690
7877
918023
1691
127566
5774325
1692
192377
8916588
1693
118036
5477831
1694
50597
3056988
1695
7112
908178
1696
4008
558741
1697
1497639
53736692
1698
75547
4107055
1699
469301
16738626
1700
11769
1030093
1701
7802
754706
1702
3382
502660
1703
452024
18033323
1704
3396
497777
1705
2572
423065
1706
407183
14943217
1707
44947
2552225
1708
275500
11269041
1709
6114
631690
1710
5656
634161
1711
9002
856159
1712
41837
2662689
1713
1256466
44320907
1714
18861
1610504
1715
158460
6855939
1716
10758
1493960
1717
53385
2944472
1718
108899
4853783
1719
9751
1021297
1720
320172
12448844
1721
2784
436813
1722
479748
17407966
1723
24707
2181151
1724
16549
1353470
1725
9344
1241777
1726
37385
2571333
1727
6327
677594
1728
96150
4772674
1729
43810
2517785
1730
17719
1475166
1731
32011
2163797
1732
109821
5324207
1733
21689
1616693
1734
2551
572228
1735
155259
7548991
1736
26960
2506596
1737
65205
3382849
1738
395494
15121265
1739
5632
764258
1740
49794
3219190
1741
1395831
49960071
1742
6991
719225
1743
23939
2752491
1744
6832
862971
1745
113111
5498052
1746
202585
8001321
1747
14285
1306728
1748
154640
8019946
1749
2045018
71496596
1750
16720
1489169
1751
17089
1310677
1752
13800
1185415
1753
12695
1284177
1754
537867
18652360
1755
6906
696303
1756
29069
1912340
1757
13688
1381227
1758
9029
821853
1759
62166
3794074
1760
125050
7291804
1761
48325
2832309
1762
540980
21820328
1763
107009
5037746
1764
77420
4216893
1765
13634
1163101
1766
16636
1825464
1767
372646
14515285
1768
843330
29708181
1769
2798
543164
1770
216002
9401056
1771
108033
5310995
1772
11888
1228075
1773
15102
1310561
1774
6085
775257
1775
92846
4310845
1776
26748
1645704
1777
776933
29809401
1778
2678
429939
1779
6645
818852
1780
9970
866683
1781
121183
6095513
1782
33494
2226528
1783
9680
1043189
1784
532794
20495326
1785
12698
1845146
1786
26915
1909760
1787
46148
2643641
1788
2678
429939
1789
1973151
68402343
1790
7752
863890
1791
18080
1424730
1792
5782
992888
1793
16284
1774977
1794
314696
19161037
1795
129937
5453969
1796
21507
1708861
1797
398684
17128938
1798
8196
1175891
1799
22628
1743395
1800
11331
1152203
1801
27261
1778296
1802
8962
1008724
1803
8510
1211378
1804
26309
1716755
1805
10209
902960
1806
14011
1890189
1807
27311
1975295
1808
3163
538107
1809
4494
612201
1810
311996
14087922
1811
719105
31135913
1812
2580
497019
1813
19217
2095567
1814
6614
740181
1815
197176
8526620
1816
47423
2890195
1817
274260
11673252
1818
88117
4571697
1819
45441
2608412
1820
93931
4617325
1821
49347
3028681
1822
16706
1580467
1823
46670
2608640
1824
15883
1110020
1825
9169
950175
1826
35429
2550215
1827
45463
2559672
1828
81503
4340868
1829
15516
1178646
1830
291451
12478245
1831
697234
27270431
1832
4114
565615
1833
41359
2741051
1834
14600
1286791
1835
204051
9011292
1836
158696
7630727
1837
21258
2203231
1838
605941
21859433
1839
244370
14282159
1840
241270
11177967
1841
111167
5479894
1842
9121
1038624
1843
6802
844077
1844
34191
2609673
1845
7530
965633
1846
6231
793655
1847
100000000
Now at: {'BE': [['BB'], 4], 'RP': [['SL', 'NW', 'HE', 'BW'], 3], 'BB': [['BE', 'MV', 'ST', 'SN', 'NI'], 0], 'NI': [['SH', 'HH', 'MV', 'BB', 'HB', 'HE', 'NW', 'ST', 'TH'], 0], 'SH': [['MV', 'HH', 'NI'], 2], 'ST': [['SN', 'TH', 'NI', 'BB'], 3], 'MV': [['SH', 'NI', 'BB'], 1], 'HH': [['NI', 'SH'], 1], 'BW': [['RP', 'HE', 'BY'], 2], 'SN': [['BY', 'TH', 'ST', 'BB'], 4], 'TH': [['BY', 'HE', 'NI', 'ST', 'SN'], 0], 'SL': [['RP'], 4], 'HB': [['NI'], 1], 'NW': [['NI', 'HE', 'RP'], 1], 'BY': [['BW', 'HE', 'TH', 'SN'], 1], 'HE': [['RP', 'NW', 'NI', 'TH', 'BY', 'BW'], 0]}
3559483
124048649
1848
8680
838710
1849
114050
5196086
1850
40742
2330884
1851
52811
2655898
1852
7604
1287149
1853
684555
28342495
1854
7073
919685
1855
4049
478987
1856
759635
28965880
1857
15005
1192531
1858
1564618
55364360
1859
7796
1109099
1860
25109
1652625
1861
300296
16469097
1862
2572
423065
1863
42787
2834790
1864
27794
1713740
1865
100000000
Now at: {'BE': [['BB'], 5], 'RP': [['SL', 'NW', 'HE', 'BW'], 2], 'BB': [['BE', 'MV', 'ST', 'SN', 'NI'], 0], 'NI': [['SH', 'HH', 'MV', 'BB', 'HB', 'HE', 'NW', 'ST', 'TH'], 0], 'SH': [['MV', 'HH', 'NI'], 1], 'ST': [['SN', 'TH', 'NI', 'BB'], 5], 'MV': [['SH', 'NI', 'BB'], 3], 'HH': [['NI', 'SH'], 4], 'BW': [['RP', 'HE', 'BY'], 1], 'SN': [['BY', 'TH', 'ST', 'BB'], 3], 'TH': [['BY', 'HE', 'NI', 'ST', 'SN'], 0], 'SL': [['RP'], 5], 'HB': [['NI'], 1], 'NW': [['NI', 'HE', 'RP'], 1], 'BY': [['BW', 'HE', 'TH', 'SN'], 1], 'HE': [['RP', 'NW', 'NI', 'TH', 'BY', 'BW'], 0]}
3109050
112947548
1866
16606
1434831
1867
32605
2448755
1868
2678
429939
1869
10946
1434483
1870
143470
6538152
1871
79995
4154134
1872
52101
3034802
1873
2890
443687
1874
8459
779527
1875
10762
1345296
1876
9111
1124350
1877
4008
558741
1878
799303
28627605
1879
36852
2122865
1880
7774
777469
1881
7206
1282332
1882
227820
9812794
1883
5338
687543
1884
23702
2161662
1885
147017
8510966
1886
12434
1310170
1887
11204
1254889
1888
49649
3050493
1889
224022
9206953
1890
3987
670750
1891
6251
940830
1892
23498
1675330
1893
100000000
Now at: {'BE': [['BB'], 1], 'RP': [['SL', 'NW', 'HE', 'BW'], 3], 'BB': [['BE', 'MV', 'ST', 'SN', 'NI'], 0], 'NI': [['SH', 'HH', 'MV', 'BB', 'HB', 'HE', 'NW', 'ST', 'TH'], 0], 'SH': [['MV', 'HH', 'NI'], 2], 'ST': [['SN', 'TH', 'NI', 'BB'], 1], 'MV': [['SH', 'NI', 'BB'], 1], 'HH': [['NI', 'SH'], 1], 'BW': [['RP', 'HE', 'BY'], 1], 'SN': [['BY', 'TH', 'ST', 'BB'], 3], 'TH': [['BY', 'HE', 'NI', 'ST', 'SN'], 0], 'SL': [['RP'], 6], 'HB': [['NI'], 5], 'NW': [['NI', 'HE', 'RP'], 5], 'BY': [['BW', 'HE', 'TH', 'SN'], 0], 'HE': [['RP', 'NW', 'NI', 'TH', 'BY', 'BW'], 0]}
200000000
Now at: {'BE': [['BB'], 7], 'RP': [['SL', 'NW', 'HE', 'BW'], 3], 'BB': [['BE', 'MV', 'ST', 'SN', 'NI'], 0], 'NI': [['SH', 'HH', 'MV', 'BB', 'HB', 'HE', 'NW', 'ST', 'TH'], 0], 'SH': [['MV', 'HH', 'NI'], 1], 'ST': [['SN', 'TH', 'NI', 'BB'], 4], 'MV': [['SH', 'NI', 'BB'], 6], 'HH': [['NI', 'SH'], 2], 'BW': [['RP', 'HE', 'BY'], 1], 'SN': [['BY', 'TH', 'ST', 'BB'], 2], 'TH': [['BY', 'HE', 'NI', 'ST', 'SN'], 0], 'SL': [['RP'], 7], 'HB': [['NI'], 1], 'NW': [['NI', 'HE', 'RP'], 1], 'BY': [['BW', 'HE', 'TH', 'SN'], 0], 'HE': [['RP', 'NW', 'NI', 'TH', 'BY', 'BW'], 0]}
6193362
200289121
branch

 Scheme: [2, 28, 29, 32, 34, 35, 38]
 sDev: 11.1958447102

 greedyLowestCost: 247
 minScoreFreq: 266
 scoreCount: 53
 greedyUsedTrans[[8, 4, 3, 1, 0, 0, 0]]
 greedyFivePlus: 0
 greedyFivePlusNoDuplicate: 0

 branchLowestCost: 247
 branchIterations: 6193362
 branchIterations2: 200289121
 branchNSolutions: 2
 branchTransUsed: [[8, 4, 3, 1, 0, 0, 0], [8, 4, 3, 1, 0, 0, 0]]
 fivePlus: 0
 fivePlusNoDuplicate: 0



1894
18602
1431551
1895
7084
702831
1896
681970
26259967
1897
6540
643752
1898
6154
2397909
1899
11956
1576772
1900
251323
10359341
1901
39738
2325734
1902
34026
2211698
1903
594583
23936798
1904
552867
22230204
1905
146785
7876694
1906
6093
591318
1907
2445
566900
1908
13956
1276413
1909
124350
6529132
1910
109904
7328197
1911
126115
5402729
1912
3907
488173
1913
40043
2564469
1914
22018
2366068
1915
16290
1950600
1916
408667
16759009
1917
36850
2446801
1918
4199
686739
1919
3163
596038
1920
360304
15033582
1921
10545
973874
1922
62864
3302546
1923
49946
2694430
1924
4922
943641
1925
5280
938786
1926
47925
3290010
1927
150932
6620607
1928
9320
1194359
1929
63818
3415166
1930
36182
2346058
1931
8629
1191596
1932
5020
596695
1933
98225
4627732
1934
215834
10002508
1935
30977
2095885
1936
10521
929380
1937
4894
723943
1938
5770
1155273
1939
12527
1352768
1940
10314
867464
1941
15620
1675811
1942
71874
4000267
1943
2445
566900
1944
49451
2764063
1945
561498
21515485
1946
35489
2585007
1947
100000000
Now at: {'BE': [['BB'], 3], 'RP': [['SL', 'NW', 'HE', 'BW'], 2], 'BB': [['BE', 'MV', 'ST', 'SN', 'NI'], 0], 'NI': [['SH', 'HH', 'MV', 'BB', 'HB', 'HE', 'NW', 'ST', 'TH'], 0], 'SH': [['MV', 'HH', 'NI'], 4], 'ST': [['SN', 'TH', 'NI', 'BB'], 1], 'MV': [['SH', 'NI', 'BB'], 3], 'HH': [['NI', 'SH'], 1], 'BW': [['RP', 'HE', 'BY'], 4], 'SN': [['BY', 'TH', 'ST', 'BB'], 1], 'TH': [['BY', 'HE', 'NI', 'ST', 'SN'], 0], 'SL': [['RP'], 7], 'HB': [['NI'], 5], 'NW': [['NI', 'HE', 'RP'], 1], 'BY': [['BW', 'HE', 'TH', 'SN'], 0], 'HE': [['RP', 'NW', 'NI', 'TH', 'BY', 'BW'], 0]}
3971296
134293350
1948
5967
922484
1949
9989
860553
1950
176057
7728680
1951
8912
971151
1952
12386
1023383
1953
19716
1320291
1954
108091
6900206
1955
403901
15881260
1956
19374
1602974
1957
7165
672763
1958
72774
3794431
1959
977540
36723881
1960
8234
975160
1961
3375
551855
1962
336597
12697984
1963
11055
1050971
1964
6344
949454
1965
51454
2934164
1966
50173
2825808
1967
66100
3765283
1968
212054
9064596
1969
38008
2270734
1970
10529
1072753
1971
2445
470269
1972
3725
704425
1973
19922
1517541
1974
15139
1361329
1975
45300
2772369
1976
30737
2000120
1977
100000000
Now at: {'BE': [['BB'], 1], 'RP': [['SL', 'NW', 'HE', 'BW'], 6], 'BB': [['BE', 'MV', 'ST', 'SN', 'NI'], 0], 'NI': [['SH', 'HH', 'MV', 'BB', 'HB', 'HE', 'NW', 'ST', 'TH'], 0], 'SH': [['MV', 'HH', 'NI'], 1], 'ST': [['SN', 'TH', 'NI', 'BB'], 1], 'MV': [['SH', 'NI', 'BB'], 5], 'HH': [['NI', 'SH'], 2], 'BW': [['RP', 'HE', 'BY'], 2], 'SN': [['BY', 'TH', 'ST', 'BB'], 7], 'TH': [['BY', 'HE', 'NI', 'ST', 'SN'], 0], 'SL': [['RP'], 3], 'HB': [['NI'], 1], 'NW': [['NI', 'HE', 'RP'], 7], 'BY': [['BW', 'HE', 'TH', 'SN'], 0], 'HE': [['RP', 'NW', 'NI', 'TH', 'BY', 'BW'], 0]}
200000000
Now at: {'BE': [['BB'], 3], 'RP': [['SL', 'NW', 'HE', 'BW'], 6], 'BB': [['BE', 'MV', 'ST', 'SN', 'NI'], 2], 'NI': [['SH', 'HH', 'MV', 'BB', 'HB', 'HE', 'NW', 'ST', 'TH'], 0], 'SH': [['MV', 'HH', 'NI'], 3], 'ST': [['SN', 'TH', 'NI', 'BB'], 1], 'MV': [['SH', 'NI', 'BB'], 1], 'HH': [['NI', 'SH'], 1], 'BW': [['RP', 'HE', 'BY'], 3], 'SN': [['BY', 'TH', 'ST', 'BB'], 7], 'TH': [['BY', 'HE', 'NI', 'ST', 'SN'], 1], 'SL': [['RP'], 1], 'HB': [['NI'], 1], 'NW': [['NI', 'HE', 'RP'], 4], 'BY': [['BW', 'HE', 'TH', 'SN'], 1], 'HE': [['RP', 'NW', 'NI', 'TH', 'BY', 'BW'], 0]}
300000000
Now at: {'BE': [['BB'], 7], 'RP': [['SL', 'NW', 'HE', 'BW'], 6], 'BB': [['BE', 'MV', 'ST', 'SN', 'NI'], 0], 'NI': [['SH', 'HH', 'MV', 'BB', 'HB', 'HE', 'NW', 'ST', 'TH'], 0], 'SH': [['MV', 'HH', 'NI'], 2], 'ST': [['SN', 'TH', 'NI', 'BB'], 3], 'MV': [['SH', 'NI', 'BB'], 1], 'HH': [['NI', 'SH'], 1], 'BW': [['RP', 'HE', 'BY'], 5], 'SN': [['BY', 'TH', 'ST', 'BB'], 2], 'TH': [['BY', 'HE', 'NI', 'ST', 'SN'], 0], 'SL': [['RP'], 1], 'HB': [['NI'], 1], 'NW': [['NI', 'HE', 'RP'], 1], 'BY': [['BW', 'HE', 'TH', 'SN'], 3], 'HE': [['RP', 'NW', 'NI', 'TH', 'BY', 'BW'], 0]}
9987898
323985544
branch

 Scheme: [9, 43, 44, 47, 49, 50, 50]
 sDev: 13.6037209796

 greedyLowestCost: 423
 minScoreFreq: 264
 scoreCount: 53
 greedyUsedTrans[[8, 4, 3, 1, 0, 0, 0]]
 greedyFivePlus: 0
 greedyFivePlusNoDuplicate: 0

 branchLowestCost: 423
 branchIterations: 9987898
 branchIterations2: 323985544
 branchNSolutions: 2
 branchTransUsed: [[8, 4, 3, 1, 0, 0, 0], [8, 4, 3, 1, 0, 0, 0]]
 fivePlus: 0
 fivePlusNoDuplicate: 0



1978
96820
5774540
1979
7135
1334980
1980
25276
2432877
1981
227120
9341723
1982
48007
2892942
1983
342903
14238051
1984
504186
21387243
1985
1207372
41688727
1986
163277
6723954
1987
43291
2483636
1988
148855
7153432
1989
87166
4574604
1990
3594
556275
1991
42219
2521085
1992
107474
5199757
1993
23580
1487109
1994
8539
1293734
1995
4611
609837
1996
2223186
75253243
1997
164806
8023160
1998
40295
2302356
1999
6310
870570
2000
292821
13604465
Hardest Branch

 maxIterations: 323985544
 sDev: 13.260344441
 fivePlusCount: 1360
 fivePlusNoDuplicateCount: 0
 hardestScheme: [9, 43, 44, 47, 49, 50, 50]


Hardest Greedy

 curMinScoreFreq: 230
 sDev: 13.260344441
 fivePlusCountG: 0
 fivePlusNoDuplicateCountG: 0
 hardestScheme: [10, 17, 21, 24, 30, 32, 41]
 greedyFail: 0


------------------
(program exited with code: 0)
Press return to continue
^A^A
                                                                                                                                                                                                                                              
